$ANSIBLE_VAULT;1.1;AES256
32626434353866663432656230303539336134383630336461323538666233363435623362393665
6330373138653535323736623933663230383533633739370a366235643836663933316631353662
33643261313763643261613536353639636535386231653933616266633066646239643439366139
3739333730353732360a353465636661306439623037626635303632343738623130323866306261
34393337306461386162616561643036626638366433303235643335343764393762643636326137
63346365646136373830633861333539326162323231653466323933346131623732323031633737
36636263303635663266613266633262393161313961623636353534646432646464633430346536
33663466303536623966343230656632316137316137636535333739386533303864396330353961
61353961653162363033323932663961333331343661643865633534363132353362393030313735
39666661393261353566393435353462646133393864373932626632313635646166326630636631
65393039356362636533643832393534616239396430356137383834313733303731613537316533
32663839326263636564393538383938656662353734653335636437376538376236303165353962
34636266643063626335643135366535386230636465376330356561653361363433383564376236
30326132636439316563373662623738613833333164363639353936313665323461646532656162
33623632373961313431656532373336393335343462643164376234346136643630353832353164
31353536613934313930613132376139623061343862356463383631303436316330323234653537
61326134353863346332646466373266636536643130653834623734626332376231376339623237
33623564663638353236626134343134323838313965663031613532343665363531666133653239
38353163643630643863326432333437356530386165333330616464333930366539666563666336
38333433343435653731323637356138643632343962366339333439323733353166333437653565
36346166326664613137613566373037353030653630663536383865333231346261393261356433
31663137323564306464393738626361643865313561636162313730373061316137623362353166
30323531323261396130376236323266393139623332343161333733653435393661383439346466
31366363393636333862396164353762336233663633643033343738363961386161396138653030
64613838386336643361396137353535383436633138393733353962356264386232313562636264
39313065336239616133633137656662323631343531323232323931633836613261383565346534
35663130386362386230643230643933383962366330623137613464376136313831336437386534
32383430306134356139653335363238656438316638303434353136633933376338393264656539
63633261643537303363393765653862613530613763336363663833633564656265626337646362
64616136313136356164316431333431656638653964313065616564643863343139333736393163
32376632636637616337323236623261616632623661653234346461656332356530356435663633
34396133366337373838346331343638626664363638663961663033346161643736313034333963
66623336373461343462613736333263646465323937303762646434316132333433336135396166
35643766663035633136323462653339313166343132643731616635613532653538393137376534
34643866653235383761373662323264353233346533656232303439386631316663643638333438
38656236626434653238616136663831336536306135303934666331623936623666666633326637
62643265396537336530616262323066333232396133306635336439343064303564626464343036
62646639326164396139313735306535323464623563396134353739623939393164643863323332
63343830313433623064316438386561353533663034363032633036396664366634373434656135
33356461626564623233306230626435326666666638306633363930323036653334613732646234
33643161393466646164653233343865313562306464333539663531373032626230336438633533
33656662373164396430376334663539343334336238643531633535663232326631653237383261
32613036373432376237643932323435353030363631396537373034643130666638343036636163
61376134386139623865333665643962366638376630613334343530373931313339626566323831
38303265663930666665393338323932303363613539316635333138653865303762383835393663
31643963393961393138303733626262626563663939333463333661316131336361666434303231
32663531623133663636393462346665666134663765333437376533623064316463353163626633
37333137666362353530643562363430656234666164346663626132666334366634646633616631
36343564666430306433393763316466376332616661646464303461333562376532616338353834
36333034386238343363643238336331366338336233363139316530613764323364643036313161
63663338383530316534313162643866373833373933303666326536333334343034333830396466
62326164656362626135313665353732313663393739376666613837313235323932326161656139
36353636316332336538363433383338666533623233666238313631373630376432643661646135
36343132653262343961303439643834333539613966383431646531353638636161616638326564
39643830386164363839636364383033366337366538366332666630366433653434623665646564
38643836623361383238346235353139393566383236336535363166333461303436626631663033
36303830343533633336663061613732363837383566383335366163333962326165623966343330
38643734306264663234643166323839633437336538383233353661633066303165623734376665
34366439616461303966386436393837613632353462323833613965306261343139666634666665
32336535653431643537633734383133333537633431633063643834343932353830383937383938
39356339663363313734353137306334316330383165386236323361656139316334393365653132
65313930643937653961613135353035356434333866663333366130313462643663366235396531
61333165366539656639666538396536343432663766343835386630343063376630353234316538
36336162393938316665306564393066376165626434626533333635666366393638646562336466
34333465326634383531636264646536326438343532396261633231643062333034626433323733
62323566613364616261346433643037653464333937636335343537333366396534616531363737
66613934663432663062613036613430653531623631323163663337333737633236323933393536
65313861343936613632363037666661356634353738653932353632393566386666633964396465
30313136653364613165336265303731346661616638663162323765666462343730613736663835
33386332323664633961306333653732393463333361613366643430366665643630396563343337
38393835346164633039393063633466633736373562653936623532643030356631303433383164
36363336373639393663646465356166396339633861643437643033636132326333316339613034
62343638386365646262646233353563653131356235333262636331383835343937363561316639
34383261643238326462356366326135653630643634323937363738656363316435636430663635
37643364336662646665633634353965633062353763623235316134646663663632313261663133
30653833353232646532663533643337343239386163643232363630663535313330366434316338
62646665613164656266356564666136643565363932316134666261316231613034633966343339
39316536333437623735613733623139633736323863303636373961633938613131623932323364
37356333346137396239356130313733646638653863386165343164313736353931333537633662
36393339653833313737383263666362353934346363323833333362346562613032356237316265
32643364343039366565613537613534343934353465653064626334393639313735613863663563
34326634393337653736653063363033333539666630306261313932383065656239396139323761
64326635623534633830393738656665623831643533343861643931396165343166363539323631
62623466326639393565366532343039396637396437323433383739346238663364323033323333
61313763343862646130326466313962343331393563336235353433623331616638323836363266
32393334356565396136303565303662306264633162323732633435376563336435346566666339
61633631353362313631656662373135656231356431616266393731306530623734346236346336
38336165373132383534656562643366653732353036633062393438306633626536333163613265
38376465306465326563613132353363346231393530323732306439663931666365666364616165
31383535373137363861343031353135653263653066353536373533373536326234313164623461
31373866666334356636306639636435616635623734343133313862396366393362323837313665
39386332366637353463316363633762303661393663336131303362626164363530613361626566
30333831326132653635383631383037633634366366363731646564633139383130663537383235
63613861663834303065306161353663373330393061663836333665383233356339643266333464
37393162613561306163306239393863306135633066323163633561316637313034313538663937
63663737356364346465393666343462376365346330316633373832643833363834646661633933
6434
